1373188118
639655891
3930299158
706039182
3970569652
3687352035
3886455308
942521176

2155971203
2223343239
2290715275
2358087311
2425459347
2492831383
2560203419
2627575455

0
0
0
0
0
0
0
0
1373188118
639655891
3930299158
706039182
3970569652
3687352035
3886455308
942521176

2155971203
2223343239
2290715275
2358087311
2425459347
2492831383
2560203419
2627575455

0
0
0
0
0
0
0
0
1373188118
639655891
3930299158
706039182
3970569652
3687352035
3886455308
942521176

2155971203
2223343239
2290715275
2358087311
2425459347
2492831383
2560203419
2627575455

0
0
0
0
0
0
0
0
1373188118
639655891
3930299158
706039182
3970569652
3687352035
3886455308
942521176

2155971203
2223343239
2290715275
2358087311
2425459347
2492831383
2560203419
2627575455

0
0
0
0
0
0
0
0
1373188118
639655891
3930299158
706039182
3970569652
3687352035
3886455308
942521176

2155971203
2223343239
2290715275
2358087311
2425459347
2492831383
2560203419
2627575455

0
0
0
0
0
0
0
0
544383394
1727149769
994500521
3464924793
696373456
2689040756
1187740760
1771033139
2161917703
72800468
1444817270
3456183192
2108311408
3202889162
3399411794
2714661589
693166454
2853200170
362595230
3244096853
3684012488
4145073964
0
0
544383394
1727149769
994500521
3464924793
696373456
2689040756
1187740760
1771033139
2161917703
72800468
1444817270
3456183192
2108311408
3202889162
3399411794
2714661589
693166454
2853200170
362595230
3244096853
3684012488
4145073964
0
0