2755821305
2756827024 
1086471061
2232337611
2462008633
4060928742
4214035366
2019742370
132683152
2534719532
2939054944
2842841678
521939057
219466151
1595193447
4246169992
3911700022
1165518880
1418600646
3139262572
4095997729
2551781146
2877975507
356946471
2142319031
3442153963
3111951609
2655143831
486053151
639009334
1429705942
1396087206
3053969760
121505478
3828563914
2327522365
1569548016
3146783711
3867418507
3359479807
1983694973
1330177420
706901172
1391253483
1252906398
727238721
4159965749
2585966937
3840238128
3689550092
3819443129
1658668935
3123633758
1881808000
479949801
532224854
840563714
3502470806
202493941
3367346867
2510958272
3565417478
1476131354
578518009
2212591863
301280607
1048449796
3812490699
2089656797
3707768050
3239548323
1380966257
2178079783
1445935992
3527974642
2246326518
465121428
3374426037
1093038948
598465933
3319025792
1320083552
2749163738
3502279570
3595805967
3973169230
3242734639
1230863811
3235817978
386623977
1036384909
494522784
343376140
4271742011
2448812567
1060480528
2338965292
2429338766
1275415984
1975557114
1122627706
3388977341
362680530
2999397762
605955333
1454506120
3177198602
3317401699
609532845
3038495027
4069690033
373293008
2775679695
2040791025
2751053669
3632039028
1993544381
732091845
864883606
2546159226
2619617589
2082152085
2731274697
662467383
2947921710
3306101482
92962998
4073728140
2083469907
2418027811
1662201429
2212870567
2634601508
1297204424
1640967973
3531338644
1818047074
4131822748
3450396240
2379932218
3961856399
40081314
3886530063
2228652494
3600609901
1813787289
3577046057
3443987058
3516131544
881125052
2290498250
4053428185
4240337645
2840294679
254897172
2971199313
1900633559
4072932361
1122841519
4102633990
1198084022
420465646
2800772172
3839567102
3828949149
3326259736
1847865154
2207554299
3691906785
2970907591
3750349880
2219303772
2287777112
571173752
384164536
1825911993
75885557
2864735227
450761598
230984831
1114242539
1385043905
1454352726
3075072738
3616544515
2676169378
3513644590
4218995342
3185761724
1337001902
2270046804
3904552579
974738888
1999020931
2932946952
1838501433
1254313106
3785046035
3037642865
2141063793
649688300
569529718
446312824
1413920325
2685571285
1294757680
768540641
3881595109
2300698679
3676104966
3835917088
1032525317
2729482204
3969523019
4226417135
4237342088
2519098635
4047970907
2728162160
396017096
3891727011
944984855
2157767927
147296411
3930890722
3592648314
863217171
3053681488
2309563468
3397903771
921469156
1518862594
2622298418
2148202180
1428832678
4086402638
216258068
3975793707
493374829
3081369992
4237061824
3992542147
270533270
2136683396
1537215915
1075857914
1395356358
1024151965
1243152948
1635859594
1080724892
1326154196
4171654196
1224621263
3244162152
1462480142
164667040
3427649729
1749131309
163660583
4165015735
4114704999
954025530
208447318
1513557388
130904931
3751669811
864060350
2394961342
1777879053
4270675978
578549634
3609176817
1765412541
3912797121
2410714354
2805638857
205936896
2156260619
361969618
2854781825
2575393333
524092187
2525917646
598045925
1626310896
2220464499
2500674951
4244268515
2225873059
3760935581
2482413817
3637934638
2731706819
2506096868
3288550294
1305547505
3261723412
1937594220
4150574850
2897129509
3202946564
3524334513
133761407
1718847567
1529811173
1267739739
3988694403
429346845
84895946
888548552
2619681815
857800416
1170490671
3488873166
488681782
1297136807
2028720317
1902556831
284885885
4276694324
4065641073
2076856396
3553274834
2572550471
2340379577
2167435725
3930499363
677688212
342646031
3485650105
657003680
1278037451
2358465681
2505774107
1860841536
92849857
24576101
2524312773
3887889295
1372962933
3355865270
2949730672
768854172
414460652
3354903941
1977252856
154415336
1150115019
2405757684
1585964760
180610728
1262493385
2273674713
1287675973
1708643287
1924028330
2086200244
1763115537
3767485500
3408862253
2981031581
2061485924
1611522529
2678803210
968586891
388262020
2565869185
1363582135
2338696966
3164967161
2192418472
3467498200
2623914599
2232171463
4180919274
2349817408
2318095093
3465196772
1858573447
4072857299
3681023618
1214976187
2496230740
4116788051
2456870680
3464293955
898507550
1477354205
167894030
2547593028
1134160850
3166451204
135937201
382216943
3340726348
4015755344
405276139
1116146203
623402824
929924316
543441056
2020307488
2381645944
344158952
888225160
613272236
1607099951
3623976076
696115799
207799030
2605470785
1131219929
3571075884
285849375
3572373416
404963881
118822636
1307835180
1099445930
4282272930
3502488838
1510591849
2679695489
2238493855
3265762244
3871323405
1321803689
1152132476
2397376851
265480580
1869299266
1135798066
3420531525
522489078
2511391653
3895069106
35631941
2781077
2082892957
3581446382
3422879699
2966925938
2645547191
3709039712
4111303880
2458679672
2988717779
1408724223
432217593
1577147370
2912772861
2938179046
4169920608
2151078166
4099090852
2750736267
974340869
946511529
3099576135
4156643075
2627339443
122445072
453285747
3959944213
1201914268
3100948193
4046271425
1162439909
140373142
2378584871
923584973
497602426
745379221
697238015
1969857149
3499695518
1886681477
2462836449
897529861
263677218
1411112169
1834885933
3786601862
3545564674
880548000
450986352
1187259539
2611761710
1141470770
1951766597
1611182413
1213452531
331092006
3631486162
2892010141
1437498832
2684224699
3600346561
3784848690
1108285480
2560070035
1059345249
3930664065
3934579912
1175224470
2314025110
587767249
738715551
2738968807
2796829075
4068061954
862377460
1348822467
1772246797
3863814528
796904321
2069366304
1128227199
2127743946
1880987951
4129317689
4032619722
705873334
1838822989
3389391895
2275635411
1224776550
3262277469
2409800855
3041405360
1362072412
2366276727
1488197671
3968925271
3499738813
2714944374
1611082584
1123537321
1439834783
2446588494
3330939373
3368710638
822138431
4051146631
3349063199
560579526
1956530104
3569834670
2160208915
3488737131
353253751
3960481233
3733135821
831081466
3272192812
1323089377
957593151
1548742768
1655077146
419640637
52262581
2463711577
1181085380
2403504048
2743688277
4164736884
3130569299
3495487091
915589834
196727550
3966963465
4121230849
3852002310
3063676519
1771672829
3503188296
1985360249
2934141545
824391667
3522294561
3693089841
4290518389
943862078
2266786206
2526200090
3193932052
1950212773
1579131064
376917285
2156634512
4243475270
2972842308
1226640649
3185914079
3398443396
1227003318
304272483
3580680122
2084584533
2204599037
402093068
679804270
3638195469
543781052
426270714
1234191703
4047289730
992519357
3914456988
2385081100
2247381892
2905828632
585254935
635279822
3151177130
3401741658
823915057
1226219203
3111031978
905110702
1327629595
1949724839
3652643293
2381588722
2890581120
2289390503
309766588
982310998
3568906530
4206233377
2320368110
488639430
4272330822
2781609351
1601664494
1482276303
700694127
205607467
1780027979
1648685423
460872871
3939192388
2530521412
3222771137
1002819462
2794210275
236382110
4217603441
162989677
2338995902
262819331
1509465920
2034789014
3184773944
4292277308
1876796776
3916925203
1746651576
2547298078
369971605
4246701732
4142254730
3826668995
1760189095
3258109546
3283409048
89581950
1018504374
2455993449
1159524029
1563553761
2563078847
1216096716
3389336547
1157937851
1493456872
1650915588
3762118185
1050167502
1736021626
66630742
1975067478
11280929
4097423135
1500479658
3347524144
2523421572
3194236515
3699352062
3009797887
2647064098
1981213489
1307180573
3324294203
1355328827
1785805284
465848108
1262671212
45796698
3828404038
925567496
816452197
2035593505
2108968545
1473734648
3112751555
3616867950
1775487050
1871285395
2575998220
378231339
3247604474
231364701
961839088
470468114
1185933646
3259194918
3094292329
2861565221
2743438065
1713365498
325243518
4147373687
4014655661
2104582372
3557486022
2281732958
2493003416
3637008026
2600362165
1042785587
2547937399
4069047059
367168855
1602903648
4190195747
3891830715
2356477881
4015969907
2520994862
1661120387
1051054581
2879150118
1497809706
2974970872
1660026620
3253695130
988676573
1220927151
717203233
958302376
1733372209
3256674735
2935957318
3026095639
42871914
324853031
2443060600
856628628
1442568815
3580320102
2863887733
1848964122
2380697176
3496260278
1000154851
1896134681
1158817510
812759887
2571409305
1061472488
2001947938
240587022
1139907564
1782093492
3615637650
3970848746
3057098597
2863246650
1589967230
529911727
3359914526
2688079493
517485785
2033770190
924910436
535569975
3130680330
3489155214
4094019863
1739718682
2300859608
2788060483
1403828161
3879222674
2117409163
2710797688
4279594266
3211657014
2012778655
576437391
2236066786
1312921674
1253820333
23953524
2294534767
2163496124
1856672435
2621422209
2359714144
1321737889
1707076560
1229859578
2889202888
2355409744
2846533416
3669071698
243803699
2733796791
1724972800
4276612720
1722536454
4037927293
3537207933
1306194090
3719600519
1105583392
3453437957
2504341016
244738838
2424896741
3605943096
4122259759
3585348345
2152918753
2813340767
1129783179
777129735
1683156856
3711715641
1448983307
3824460343
448468652
2195451495
3962032125
1040162113
1979006959
1364946073
627614177
937133147
3120224883
4151736631
3790873050
1931783190
2671680709
582256600
3741431977
989180222
3871081832
3612497728
554798081
3172480082
4173291106
186495524
2197196821
2966274852
2709193275
2006572418
3179547027
1094943295
3058272219
3007664574
1700783557
2186338344
4104514573
1090452015
933204677
3608860025
1414847795
106017396
2537970934
2402232046
2671858055
1505335032
3528011341
1501937104
3009437456
365106214
822880009
1924622610
1548804952
564305758
252408804
175429612
2583435142
4294628356
205948920
2456133651
2979479242
1420282488
2026522034
2651532926
242174131
2840458715
1288255647
3409667276
4108015400
2464839954
3704385777
4078249377
3675918705
3819823999
1706776283
1698328313
3516896091
1271973424
2650361458
2906412787
1107234557
1799452189
4066552828
271214425
1620587870
1602005226
2392286674
3064996169
3728918356
714826955
1277187853
3598870729
3767199401
7694468
4180130350
2966881233
2294743249
3966377944
499765570
2729037310
4203795867
4273842276
284641940
3798744268
1901463264
3808611875
3323001345
4264756241
2068015382
2490823623
3187139687
976649450
2879654877
744735744
2077968692
4065613344
1748675342
1416939120
2535676917
1449169049
1983574406
3667781175
698530922
2432097544
1776874178
2791597011
447599813
803271078
1052698353
2972626080
2178976750
2921111462
1994281252
604396182
4018903197
3419691484
801939301
205460939
3789032071
4136279665
1018189863
2728267452
3775803865
1154097939
1202993926
1604721521
486028631
1708305380
2961855001
2675610022
793036286
2743794807
2227258565
1597017000
3364149288
1065082512
3263297680
613214068
138951134
3752920689
109280427
2608812892
3903534551
4010234928
3535994979
145077937
2168331872
1510021862
3663232576
2778083909
2474311289
3013970917
1100632671
116658133
300677662
137478683
3899586438
1292284443
2424515474
63275032
2654501940
1098370454
233688694
642311302
3257598679
2400224740
3215889756
2244596072
2266221157
3431437934
1911867729
2403938352
1001365261
3207347442
3913455608
4232544980
2434570007
641360482
226379378
2231588701
3103765144
2970271569
4224925393
590721657
327347728
1683899335
429701908
3595330409
2809643190
575812692
2594246394
3067543381
2409077031
2311977693
4039818209
1181931755
2313141960
1755925089
2837554593
3400774692
2561842622
25344707
3532001877
2147507953
906745557
3747853598
1172744347
194232469
1952724586
1092415065
1153540539
1356779701
2424988523
38494764
1383196854
432602943
4009036386
1786684908
3958124976
1270107068
1349587658
2781017219
338174562
1567018079
1463939240
3017251386
3071355912
4278687498
943187198
2861345291
3824358165
3084416934
499985910
492675421
2528999100
2182415858
3524988124
3852783217
166970302
3632654431
3080857448
189440719
359395416
6045763
941832837
2417365584
1030380843
945504087
19696938
402198816
2718202816
700872796
349609268
3143549695
3052009817
2460090130
1129674324
850797236
4201692691
3523563541
3720067394
236918584
1840986170
2401060686
3735677078
469177861
513097897
1048615487
4020216929
841390079
3275108588
3050022558
97943115
2337626842
873504235
2476473832
2533942545
776865648
705934989
1405892057
234181428
1480315825
2905342851
2628449316
1781432791
492739889
2752853962
2243552439
2173648316
252550368
2412434944
3842524138
1637043494
1970010416
4254548792
3385731113
3756500461
3826685325
1328352175
2077490086
3464393976
4150036580
1174603398
391190427
2015715778
256842148
2489407803
57008676
2317670649
1154956889
2988505083
2939144925
1434945919
386377033
2056589244
2574153321
873222227
1811489024
3456715383
3524540470
1847415521
3674121463
1779654120
601211032
474455694
3577635539
4225295933
4292413802
3623977575
2195940296
2612503927
2295478383
1296424384
1957493489
333143756
2149360546
295703156
3640369987
2156997127
2216177766
3905238003
3305683966
692079518
3356540828
901558598
3304439971
2519296372
4274086136
1897499397
3648249819
516650914
3759646814
1642020809
833615519
1497643730
3873220596
3305982122
464880817
1108670572
666616307
1603663738
4245327422
470802733
3288761771
3744327124
1619352492
2257981434
1238910180
691497379
921586211
3179523786
1511211920
3091322712
2844823163
1281162145
2090433715
3539211534
1448954098
1258143976
3235960623
2128552838
2488959889
2124161105
1989580577
3383108401
2611596178
2604920972
2947861843
1475212945
1518869724
1067706174
1346513577
1338394323
42645906
2529268668
446919915
2418530851
1833015252
436944096
3110317391
749602628
305885639
3401957540
1487923392
3708208854
1022538307
3273210635
2173584056
2522364851
3139569869
1919104709
2465229289
362947269
3030187353
2185525017
302454648
1787982737
1407571252
3370503496
1634985833
808149401
1539773522
1357156949
1153805063
2997655058
3566935536
740880756
78576074
3623985557
3673114647
2636100839
108423634
229723218
3043760989
2719811004
3749601807
470941574
3450614914
2273834700
771732516
1596906741
2123223578
1733781517
4205580442
1676135587
939305788
3195535853
2633120180
3786428783
1895709301
787237114
3539569456
142972006
2609411614
2575957589
3109261038
3592683279
1475558641
2206317546
2348299687
3148754684
1300774360
3269590033
3858644153
3448012294
2057583480
2142521551
2050511040
2088686492
3129452415
3561184545
1509180449
114150045
1238677954
3987652836
708112259
2804185096
3874245599
1767587882
2406636899
262204359
331454406
1527106879
3809212014
3884971719
1301190582
2243633437
1576248601
3671329334
2965974032
3946011095
3458140651
3479235043
2012302312
973139982
2162961319
3118361871
3448948365
3965918253
264867624
4083304746
4242493151
3739863636
2417815093
709426013
2584665227
4112398268
594074860
1121710389
2613362683
1246095827
127557197
2838412598
394289734
3279025839
3958370549
2454183980
3988475241
1540829987
838679787
1495293679
2705485791
3841281292
2195666439
3395388822
3588878786
3088068537
911409372
2042387698
2982448526
3239382616
3123163824
2865748172
2850163746
746784891
1658668655
2626807825
3521693306
3864354988
2004341828
2095280843
2010521790
627490008
3044228183
3074986465
2412964531
601277066
294133449
2245113304
3796866084
1352147448
965685588
4002686224
1393297444
4084804474
3465018635
2278557039
880697021
3388848275
2065926204
2522774035
1625481914
2764890314
1597804190
4226090461
3718957670
1010495183
3395609547
19129425
177191156
2976222101
727848152
1767704880
1426767842
1665115090
2348672856
1900572186
1669608587
318633198
361406228
921418051
4022240527
731927669
1739077521
2921833738
871376418
2104234778
1744132225
2784928925
32117455
1903445537
393758838
3417023225
3335307606
737338503
977111371
3986375691
1086377688
3985795237
2947331757
2461973838
3451675816
1711396336
2779084266
1412031313
1330843358
141947737
1657008919
2874854539
2648362519
2676924051
3109667825
1589956105
794299112
947877396
701164248
1025781636
479176256
2434543085
3009847349
261405828
3577278859
3858467333
1765104262
1544622245
4021387725
3410970409
1124065062
2195313906
1159117519
921124492
2665516355
1476794555
2289966181
3409648489
4288834453
3382508058
527578736
209310450
711870330
2838355498
2436974577
1623617185
3364873606
1121891780
1582612600
1186331647
2077585916
3683561796
46034826
3956871000
2380344364
241454478
2546960605
2472210817
4275529522
1130738556
1912836055
3619950357
291424457
2374665551
47381308
2709957929
3413949896
2879531330
3578114531
16775124
2269763978
2531267895
1629672299
2198597919
3430593633
3795001880
4167173657
2166545022
2078794164
1083796006
1513069605
2413112471
823959677
2126885237
4197568214
2405101953
761429166
2085283994
516551268
1388263895
3251740819
3556060071
2171934088
1015245372
2034749833
3843814695
1294371983
3875626519
2660903928
3290811949
4128301499
1881752372
1907082807
1735022943
2211046829
2707370916
4233801388
2232091734
1843138219
1200848918
4258256442
2731049771
4037304658
2873256631
4178013535
628659887
3214963548
3495773080
876541659
800422652
3413994656
3495019
3977031440
2307324818
514296631
588345436
2261065188
1905122848
3841433218
619842468
2353940849
2701741550
3805277533
657360293
1297830230
950945638
3563485918
3958434414
2337557657
1289149294
2720230228
2663983182
2459313962
474896370
1720687136
312736190
3154320014
2283303138
2225174842
3432358725
2496217478
2232140137
3072867521
2925180438
3770922405
780415326
3055046360
4202329088
3875859875
3874306918
872322269
198954328
2422332780
1809637105
1360421699
1768627613
2165113478
2346027064
526382485
3320704903
1134727856
2093697858
3584008515
826006409
1954298245
2310425866
1476993409
2209877639
2273445895
3378838226
2224669526
4208401035
2165517127
3094155316
3794570571
4160868680
3722484192
755512762
426705308
2513607835
1654863848
3755114699
4016616013
1948698396
203773049
326928213
681146611
864348386
2962177914
3674272048
514832212
3405434960
876172386
120043487
3712244865
2547647549
475968149
2819043512
3852837820
3312585441
3059751595
3658414380
3923957142
526214743
3227796329
3737128903
3150030542
3181581146
3638873778
1094111100
38399531
4157014002
2574254989
4206198556
3276691495
1817164013
1046551081
3523242028
1355437126
3234529454
3735513122
1819516495
3926140691
792032347
2453714644
564414734
227089473
1055792262
3780678326
1344643894
3581128459
151211862
3260755292
25952368
1630499647
864602563
130147572
4165196494
4145939953
127999075
1339853388
3733816489
3997041280
2703214136
500242672
2262977959
3540751374
588407654
4046873892
700542391
2117928175
3581032001
3176988754
2379116662
1380711663
1215010034
1852900439
3648952717
4063730594
2269114510
1815867041
2231170916
3164948045
980776832
2249318361
538476306
3001613299
2834106363
424949399
1242297046
1891793271
926289962
4125767669
2405282758
384549439
2497454101
3848483714
1861345435
4246615502
305709518
3577993476
979807153
2801302730
2585317131
414552758
2162586136
866909517
429960707
2725887147
1456999588
1895878877
3398798726
9963531
1715123083
2984133490
1396876695
530861995
3940169575
2840961180
3947460766
2561579000
1527987888
1590773376
148627582
286051755
1473893774
1919235275
2182756291
3664582831
3037488334
1735098012
1517759304
1844229864
459819003
994485403
2013025882
1885475490
3909350601
1152310186
1288450695
3371060012
1044786600
3650141024
3258105528
2995993093
1537530600
3839559760
2434829157
694723742
3164492025
3158004575
318676683
1681046696
2977365458
556048972
2918331523
1537808436
881392435
181184001
4203744604
167003896
350416551
1874458268
1897979996
4117499676
532534553
3404439828
1422000967
1271707001
1745301777
1530137462
3493973501
2910903634
151934130
1005350087
1410137697
1980131372
67280654
3850889909
2564238630
841216634
736864174
3161901066
1102062785
3174182317
1502729228
2727766197
4219937214
1602956693
320055097
1665192482
2048139877
2419561356
2935744286
3315062035
2861112845
4279007862
1789436796
1999650858
1589078688
808501609
2481473511
4247621528
1052544359
1507647646
3635341519
457668836
1939409660
937554698
1910277497
1680445969
1301067366
262207003
775161463
622453546
281605856
1582263425
1342514516
2925483481
2058042280
2409379221
1249170818
3313270157
4120174887
1365106815
2620589945
4058139334
2024826035
627468025
284108768
4019645657
1010575934
2383344423
2500059772
3268208592
788404053
1180841038
599492262
1256048954
3927811004
4224607937
579659678
409811264
455811441
3389764776
3931338302
4119369148
1121014681
400595967
3811451751
1576501066
3175604894
741607506
2587343819
1999462543
3173323021
2148365999
3500445447
1698830625
3475508496
3150727251
487748962
2250009222
1325668109
1483074830
4094667289
4107360447
3301402254
4172200124
1975169756
2714204779
3950093373
3316599226
897123433
4134029482
1223865924
2005587560
566977410
1216789799
1771707598
2443721175
1477012508
1130561428
471218982
1857587265
772852112
4277056791
1358788328
2213803718
246842873
3127152686
82256142
1447516417
4123251033
1018395244
3379455674
195558006
686273064
2863328080
1116068269
952818380
2170131512
3333785542
461498693
1123018204
1614618768
1112197801
4137272158
1340213329
2606871726
331505116
1627841938
1471689324
3028757220
4010421728
602491451
455239688
424256240
2331408805
1481060805
1654725871
2634897477
2199965113
580976181
2282701375
3053929226
3945293099
1015085605
71901449
986200467
2755011708
831990180
949612001
2273083767
331860672
184993232
3432335483
2167624812
3153944162
3642613138
3898710082
1874609613
680590266
3837776007
2665134694
1228709684
3764132143
491112651
1809962839
449642386
1343124308
1282586992
3653081996
1838300906
